structure(list(crp = c(15.4973371597009, 17.6877628162003, 17.7975848672349, 
16.5265487264035, 17.1912821304663, 16.5865348180380, 19.2341946673035, 
14.5100078038022, 16.7887532493483, 16.4676879355468, 17.0602948092325, 
17.1975083550762, 16.9447418113014, 19.7999455207252, 18.0229899005202, 
16.1233945211970, 19.0083473722138, 17.7636341620376, 17.1211685477801, 
16.2339325019515, 21.1724598527071, 19.0446227087453, 14.4583297781953, 
20.9621944086511, 17.2712329296081, 15.8224821202, 14.9828734952041, 
17.1629579806690, 17.1608176534168, 14.9627635604909, 16.3048206059472, 
18.7440113542431, 14.0526311975505, 17.9095471996645, 16.1340654098597, 
17.4114372232585, 19.4233116078608, 22.3975643777197, 17.3740110959905, 
15.3248564669636, 17.2514623124086, 18.7682802122625, 16.8687583451924, 
16.6535600781425, 17.9950492135778, 16.4579196860450, 16.9559081690786, 
19.4198215449775, 18.3177687198335, 18.3962172505574, 17.0168673934995, 
19.1078293759671, 19.1974668614547, 15.5933544105266, 19.8329175747636, 
17.5602812861815, 15.4772461907680, 19.1235073795027, 16.7716861173029, 
17.9132430186725, 18.7998898468034, 18.8353489601705, 19.6661952120417, 
17.8671719535967, 20.8886199317336, 17.8648151703206, 15.3128889003632, 
15.6302966054647, 16.6010100755931, 16.9018104280068, 13.8715015296666, 
17.6524258816458, 19.4694288340258, 17.5447361436046, 17.3030097196048, 
17.2884648270213, 16.9601971770398, 15.9729514563676, 19.3085601434632, 
19.1882594295415, 19.8467126885869, 15.8138965824567, 16.2345997767842, 
17.8178789877968, 17.0203520645386, 19.7581261296783, 16.9913414693569, 
17.7299409707437, 16.5226192185281, 17.8368394392085, 19.1458101985334, 
16.331351008923, 17.3215869755564, 15.9660729266994, 16.4800979101275, 
17.4679574793516, 17.2855622811892, 19.1283130739804, 14.823395778813, 
18.0348792881368, 16.8003148550945, 18.4403002490214, 16.9443114748528, 
16.6643525457204, 15.9030960884145, 15.6566423926663, 16.9196345156939, 
16.9208171034547, 18.2579023704297, 17.7876271396533, 19.4557194347199, 
18.1918279245407, 19.8108486823829, 17.2287924395903, 16.0027205329632, 
16.0084530220232, 18.1918159515893, 16.7504780860653, 17.2348233660202, 
16.7664228006156, 18.0791136533578, 17.2544036774378, 14.9076825163141, 
15.2345643614258, 20.1129291062308, 15.9869878078331, 21.1122911772751, 
13.8762343865243, 15.9016645547957, 16.0939228396638, 17.2943072991834, 
16.8805790956831, 16.5231346239853, 18.2108609970268, 16.1524355546914, 
14.8807116821396, 18.6577887083477, 18.7936757865900, 20.1155420449306, 
17.3138236257128, 18.0248695603771, 18.3603163723629, 17.0406890359162, 
16.0748939502872, 16.3248976358021, 15.4705049612957, 13.4139450528941, 
19.0627424437565, 18.5959508771412, 15.1072029243463, 16.8512359084387, 
16.4690596959601, 17.4496058747785, 17.7834927061668, 16.4190423483369, 
16.1082302339593, 15.5357217876587, 18.9837773582588, 19.3434523713109, 
15.0601494479653, 18.1500600280784, 17.0503928022643, 15.2521035225208, 
16.0126581591431, 17.0605457256054, 17.7122037166710, 17.2948641982926, 
17.1637489420442, 18.5085249202637, 18.5996878491971, 17.6882720909638, 
17.9150154231237, 15.3395913290734, 19.1938617605755, 19.9277758365822, 
18.3108295452998, 19.1039117927649, 17.7721509949127, 16.4639735361991, 
17.6753310983580, 15.4120263956601, 18.7878423859655, 16.8940124944251, 
17.9221808720898, 18.0290255616308, 18.2867025775104, 16.1998634873469, 
18.2965864224126, 19.1604341595004, 16.2861223969353, 15.8420754829827, 
18.5890535269482, 17.0973166968311, 18.4277299474683, 17.4861218033909, 
19.5534254681550, 18.7323667870115, 16.9331262768319, 17.2364188500370, 
16.3402398342744), age = as.integer(c(58, 68, 61, 59, 62, 60, 
69, 50, 53, 56, 55, 65, 55, 69, 70, 56, 66, 56, 64, 52, 68, 62, 
52, 66, 54, 60, 51, 50, 63, 55, 50, 63, 53, 63, 60, 65, 68, 68, 
66, 51, 63, 68, 60, 60, 67, 64, 63, 70, 68, 60, 62, 58, 65, 59, 
67, 61, 50, 65, 57, 65, 64, 68, 64, 64, 70, 66, 50, 59, 66, 62, 
55, 56, 68, 65, 57, 56, 64, 54, 69, 68, 65, 52, 54, 65, 62, 69, 
63, 67, 62, 68, 69, 64, 56, 51, 50, 54, 62, 67, 51, 63, 55, 67, 
62, 58, 53, 56, 63, 54, 64, 57, 67, 69, 61, 54, 56, 59, 63, 55, 
62, 59, 67, 57, 54, 51, 65, 61, 68, 56, 62, 56, 68, 64, 55, 66, 
57, 50, 68, 67, 67, 66, 58, 59, 57, 58, 54, 54, 50, 64, 70, 60, 
60, 51, 59, 63, 56, 54, 51, 65, 66, 52, 68, 68, 52, 60, 62, 65, 
59, 57, 70, 68, 62, 59, 50, 68, 68, 60, 64, 56, 57, 61, 53, 62, 
54, 62, 61, 69, 52, 66, 65, 57, 57, 63, 62, 70, 67, 65, 64, 51, 
61, 54)), sex = c(1, 0, 1, 1, 1, 1, 1, 0, 1, 1, 0, 0, 1, 0, 0, 
1, 0, 1, 0, 1, 1, 0, 0, 1, 0, 0, 1, 0, 1, 1, 1, 0, 0, 0, 0, 0, 
0, 1, 0, 1, 1, 1, 0, 0, 0, 0, 1, 0, 0, 0, 0, 1, 0, 0, 1, 0, 0, 
1, 0, 0, 1, 1, 0, 1, 0, 0, 0, 0, 0, 0, 1, 0, 1, 1, 0, 1, 0, 0, 
0, 1, 1, 0, 0, 1, 0, 0, 1, 1, 1, 0, 1, 1, 1, 1, 1, 1, 0, 1, 0, 
1, 1, 0, 1, 0, 0, 0, 1, 0, 1, 1, 0, 0, 0, 1, 0, 1, 1, 1, 1, 1, 
0, 0, 0, 1, 1, 0, 1, 1, 0, 0, 0, 0, 1, 0, 0, 0, 1, 1, 0, 0, 1, 
0, 1, 0, 0, 0, 1, 1, 0, 0, 0, 1, 1, 0, 0, 0, 1, 1, 1, 1, 0, 0, 
0, 0, 1, 0, 1, 0, 0, 1, 0, 1, 0, 0, 0, 1, 1, 1, 0, 1, 0, 1, 1, 
1, 1, 0, 0, 1, 0, 0, 1, 1, 0, 0, 1, 1, 0, 0, 0, 1), crp.mar = c(NA, 
NA, NA, 16.5265487264035, 17.1912821304663, 16.5865348180380, 
NA, 14.5100078038022, 16.7887532493483, 16.4676879355468, NA, 
NA, 16.9447418113014, 19.7999455207252, NA, 16.1233945211970, 
NA, NA, 17.1211685477801, 16.2339325019515, 21.1724598527071, 
19.0446227087453, 14.4583297781953, NA, 17.2712329296081, 15.8224821202, 
14.9828734952041, 17.1629579806690, NA, 14.9627635604909, 16.3048206059472, 
NA, 14.0526311975505, NA, 16.1340654098597, 17.4114372232585, 
NA, 22.3975643777197, NA, 15.3248564669636, NA, NA, NA, NA, NA, 
NA, NA, NA, NA, 18.3962172505574, 17.0168673934995, 19.1078293759671, 
19.1974668614547, 15.5933544105266, NA, 17.5602812861815, 15.4772461907680, 
NA, 16.7716861173029, 17.9132430186725, 18.7998898468034, NA, 
NA, 17.8671719535967, NA, NA, 15.3128889003632, 15.6302966054647, 
NA, 16.9018104280068, 13.8715015296666, 17.6524258816458, NA, 
17.5447361436046, 17.3030097196048, NA, 16.9601971770398, 15.9729514563676, 
19.3085601434632, NA, NA, NA, 16.2345997767842, 17.8178789877968, 
NA, NA, 16.9913414693569, 17.7299409707437, 16.5226192185281, 
NA, 19.1458101985334, 16.331351008923, 17.3215869755564, NA, 
16.4800979101275, 17.4679574793516, NA, 19.1283130739804, 14.823395778813, 
NA, 16.8003148550945, 18.4403002490214, NA, 16.6643525457204, 
15.9030960884145, 15.6566423926663, NA, 16.9208171034547, NA, 
17.7876271396533, NA, NA, NA, NA, 16.0027205329632, 16.0084530220232, 
NA, NA, 17.2348233660202, NA, 18.0791136533578, 17.2544036774378, 
14.9076825163141, 15.2345643614258, 20.1129291062308, NA, NA, 
13.8762343865243, NA, 16.0939228396638, 17.2943072991834, 16.8805790956831, 
16.5231346239853, NA, NA, 14.8807116821396, NA, 18.7936757865900, 
NA, NA, 18.0248695603771, 18.3603163723629, 17.0406890359162, 
NA, 16.3248976358021, 15.4705049612957, 13.4139450528941, NA, 
18.5959508771412, NA, NA, 16.4690596959601, 17.4496058747785, 
NA, 16.4190423483369, 16.1082302339593, 15.5357217876587, NA, 
NA, 15.0601494479653, 18.1500600280784, NA, 15.2521035225208, 
16.0126581591431, 17.0605457256054, NA, 17.2948641982926, 17.1637489420442, 
NA, 18.5996878491971, NA, 17.9150154231237, 15.3395913290734, 
19.1938617605755, NA, 18.3108295452998, NA, 17.7721509949127, 
NA, NA, 15.4120263956601, NA, NA, NA, NA, 18.2867025775104, 16.1998634873469, 
NA, 19.1604341595004, NA, 15.8420754829827, 18.5890535269482, 
NA, NA, NA, NA, NA, 16.9331262768319, 17.2364188500370, 16.3402398342744
),