list(mercury=c(1.1, 1.5, 2.4, 0.5, 0.6, 1.3, 2.8, 0.7, 0.5, 0.5, 1.7,
1.5, 0.9, 2.1, 0.9, 1.0, 3.0, 1.6, 1.7, 0.6, 3.2, 2.2, 1.6, 0.5, 2.8,
1.7, 1.8, 1.0, 1.2, 3.3, 0.9, 2.0, 1.4, 1.9, 1.0, 0.5, 1.7, 0.5, 2.8,
2.5, 4.3, 1.9, 2.8, 3.1, 3.7, 3.6, 3.1, 2.1, 2.9, 3.4, 2.1, 3.0, 3.2,
0.8, 2.6, 3.3, 2.2, 3.1, 3.3, 1.9, 2.6, 4.6, 2.5, 2.7, 2.6, 3.6, 3.3,
3.8, 3.0, 5.6, 4.1, 5.0, 4.7, 2.6, 2.9, 5.6, 4.0, 3.4, 4.6, 5.4, 5.0,
4.8, 6.3, 4.2, 4.1, 4.7, 5.8, 5.4, 4.8, 4.6, 2.9, 4.1, 5.3, 3.9, 4.1,
5.1, 3.5, 4.5, 6.0, 3.9))

