list(age = c(78, 67, 62, 74, 64, 59, 74, 55, 68, 77, 65, 73, 77, 67, 62,
74, 57, 58, 75, 59, 74, 70, 66, 60, 62, 68, 64, 67, 68, 73, 56, 75, 71,
57, 61, 55, 63, 75, 64, 69, 77, 65, 65, 74, 71, 79, 67, 64, 70, 60, 77,
75, 60, 60, 60, 60, 57, 68, 61, 64, 70, 70, 59, 73, 65, 56, 74, 69, 65,
79, 71, 66, 74, 74, 63, 69, 59, 71, 60, 77, 77, 64, 69, 61, 67, 57, 62,
66, 62, 74, 60, 67, 68, 66, 57, 70, 59, 65, 68, 61, 79, 71, 55, 70, 76,
66, 79, 74, 59, 56, 70, 79, 59, 78, 66, 75, 67, 60, 71, 74, 56, 74, 66,
71, 77, 71, 65, 71, 55, 77, 77, 71, 60, 62, 66, 66, 71, 56, 63, 80, 63,
79, 78, 56, 70, 68, 75, 57, 73, 63, 78, 79, 73, 73, 76, 60, 74, 69, 71,
56, 80, 78, 59, 58, 78, 59, 75, 74, 71, 57, 71, 72, 62, 58, 59, 70, 62,
61, 72, 72, 63, 76, 69, 66, 70, 69, 68, 78, 69, 62, 56, 67, 78, 75, 65,
59, 80, 76, 70, 60, 75, 70, 72, 60, 77, 76, 64, 75, 76, 78, 64, 61, 71,
74, 67, 77, 67, 76, 62, 74, 76, 67, 67, 73, 64, 67, 71, 70, 65, 74, 79,
73, 57, 62, 66, 79, 69, 72, 68, 78, 60, 76, 55, 56, 66, 80, 79, 80, 73,
66, 68, 55, 68, 59, 66, 78, 78, 59, 56, 74, 70, 59, 79, 55, 62, 62, 56,
72, 80, 56, 64, 73, 72, 61, 77, 71, 65, 77, 60, 74, 65, 79, 55, 63, 56,
62, 65, 76, 57, 66, 78, 71, 71, 78, 79, 74, 73, 58, 63, 59, 60, 60, 69,
60, 57, 59, 70, 56, 72, 66, 68, 77, 56, 76, 76, 61, 73, 61, 62, 57, 58,
75, 56, 77, 55, 61, 57, 67, 72, 76, 78, 68, 76, 76, 55, 66, 61, 60, 69,
64, 80, 62, 76, 72, 69, 61, 78, 61, 65, 60, 57, 70, 55, 77, 61, 62, 55,
60, 69, 71, 55, 67, 70, 79, 63, 58, 56, 69, 71, 57, 69, 66, 62, 63, 56,
72, 56, 70, 71, 59, 58, 58, 60, 58, 56, 72, 57, 63, 78, 73, 58, 59, 76,
69, 57, 73, 77, 66, 70, 66, 79, 76, 62, 58, 58, 58, 74, 77, 67, 79, 64,
76, 75, 74, 62, 75, 78, 62, 70, 77, 67, 73, 70, 71, 74, 55, 72, 58, 78,
61, 80, 79, 59, 56, 63, 75, 76, 72, 77, 58, 64, 79, 73, 75, 63, 58, 60,
64, 78, 79, 77, 79, 66, 59, 64, 75, 62, 77, 62, 61, 70, 59, 77, 68, 76,
62, 65, 68, 57, 70, 79, 58, 55, 66, 55, 74, 76, 73, 69, 71, 57, 69, 76,
57, 70, 60, 63, 70, 76, 56, 64, 73, 59, 58, 68, 57, 67, 59, 68, 66),
heart = c(1, 0, 1, 0, 0, 0, 0, 1, 1, 0, 0, 0, 0, 1, 0, 1, 1, 0, 0, 1, 0,
0, 0, 1, 1, 0, 0, 1, 0, 1, 1, 1, 1, 0, 0, 0, 0, 0, 1, 1, 0, 0, 1, 1, 0,
1, 1, 1, 1, 0, 1, 0, 0, 0, 1, 1, 0, 1, 1, 0, 1, 1, 1, 0, 0, 0, 0, 0, 1,
1, 1, 1, 1, 0, 0, 1, 1, 0, 1, 1, 0, 1, 1, 1, 0, 0, 0, 0, 1, 0, 1, 1, 0,
1, 1, 0, 0, 1, 1, 0, 0, 0, 1, 1, 0, 1, 1, 1, 0, 1, 0, 0, 0, 0, 0, 0, 0,
1, 1, 1, 1, 1, 0, 1, 1, 0, 0, 0, 0, 1, 0, 0, 0, 0, 0, 1, 0, 0, 1, 0, 0,
0, 0, 0, 1, 0, 1, 0, 0, 1, 0, 0, 0, 1, 1, 0, 0, 1, 1, 0, 1, 1, 0, 1, 1,
0, 0, 1, 1, 0, 1, 1, 0, 1, 1, 1, 1, 1, 1, 1, 0, 0, 1, 0, 0, 1, 1, 0, 0,
1, 0, 1, 0, 0, 1, 1, 1, 1, 0, 0, 1, 1, 0, 0, 0, 0, 0, 0, 0, 0, 1, 0, 0,
0, 1, 0, 0, 0, 1, 0, 0, 0, 0, 0, 0, 0, 0, 0, 1, 0, 1, 0, 0, 0, 0, 1, 0,
0, 0, 1, 1, 0, 0, 1, 0, 1, 0, 1, 0, 0, 1, 0, 0, 0, 0, 0, 0, 0, 0, 0, 0,
0, 0, 0, 1, 0, 1, 0, 0, 0, 1, 0, 1, 1, 1, 0, 1, 0, 0, 1, 0, 1, 0, 0, 0,
0, 1, 0, 1, 1, 0, 1, 0, 1, 1, 0, 1, 0, 1, 1, 0, 0, 0, 0, 0, 0, 0, 0, 0,
0, 0, 0, 0, 0, 0, 0, 0, 0, 0, 1, 0, 0, 0, 0, 0, 0, 0, 0, 0, 0, 0, 0, 1,
0, 0, 0, 0, 0, 0, 0, 0, 0, 0, 0, 0, 1, 0, 1, 0, 0, 0, 0, 1, 1, 0, 0, 0,
1, 0, 0, 0, 0, 0, 0, 0, 0, 0, 1, 0, 0, 0, 0, 1, 1, 0, 0, 1, 0, 1, 0, 0,
0, 0, 0, 0, 0, 0, 1, 1, 0, 0, 1, 1, 0, 0, 0, 0, 0, 0, 1, 0, 0, 0, 0, 0,
0, 0, 0, 0, 0, 0, 0, 0, 1, 0, 0, 0, 0, 0, 0, 0, 0, 1, 0, 0, 0, 0, 0, 0,
1, 0, 0, 0, 0, 0, 0, 0, 0, 0, 0, 0, 0, 0, 0, 0, 0, 0, 0, 0, 0, 0, 1, 0,
0, 0, 0, 0, 0, 0, 0, 1, 0, 0, 0, 0, 0, 0, 0, 0, 1, 0, 0, 1, 0, 0, 0, 0,
0, 0, 0, 0, 0, 0, 0, 0, 0, 0, 1, 1, 0, 0, 0, 0, 0, 0, 0, 1, 0, 0, 1))
